8
38
45
69
72
119
142
163
184
190
249
250
256
268
269
325
342
343
369
374
439
440
448
449
450
460
495
500
506
517
530
540
556
559
582
612
638
643
650
674
683
703
712
721
743
751
765
791
818
826
838
864
906
920
923
924
925
926
950
966
1010
1015
1026
1033
1040
1063
1064
1078
1102
1111
1129
1133
1136
1138
1160
1183
1280
1314
1320
1327
1338
1349
1351
1352
1357
1359
1378
1400
1424
1436
1467
1473
1490
1540
1549
1554
1557
1568
1583
1625
1627
1652
1677
1687
1753
1806
1842
1843
1864
1872
1885
1896
1900
1912
1913
1933
1935
1938
1993
2024
2044
2087
2093
2112
2130
2152
2185
2241
2284
2285
2360
2361
2364
2365
2467
2504
2505
2507
2511
2512
2514
2516
2517
2529
2530
2532
2534
2536
2537
2538
2539
2630
2643
2697
2736
2750
2751
2752
2784
2819
2875
2910
2911
2912
2913
2916
2917
2920
2921
2922
2923
2972
3002
3077
3086
3224
3242
3244
3295
3410
3412
3413
3414
3447
3534
3550
3568
3569
3611
3648
3649
3650
3712
3713
3722
3764
3895
3983
3984
3985
4009
4026
4027
4028
4043
4044
4045
4046
4083
4084
4106
4167
4170
4177
4276
4279
4281
4308
4318
4321
4322
4376
4447
4487
4488
4534
4589
4614
4615
4616
4629
4639
4641
4664
4675
4678
4679
4685
4744
4748
4749
4750
4751
